10001
33101
25314
10002
20001
11101
22202
32210
21215
30004
11201
33311
21224
10003
32244
10011
30331
11223
10005
30024
33401
23220
20002
11221
21234
10023
30135
10004
33142
10025
30044
30040
11211
33125
11234
30033
21230
32034
30043
33020
30022
21222
11355
02124
11212
33134
10013
10010
30052
11432
33511
11220
21225
10022
11434
11550
04101
33023
10021
10012
23320
22030
10014
32003
21244
45011
11235
33024
33312
11413
32225
10314
21201
33411
11040
33313
11215
33025
20011
44102
30253
45044
45040
30350
30315
34102
30041
11203
30344
43215
22180
60453
55904
27284
94585
75062
33556
22637
33133
89118
77379
16750
97239
64113
71280
34695
77078
95111
34743
94560
18472
20854
32065
92704
29102
26852
02718